ciudad,Quito,Guayaquil,Cuenca,Ambato,Riobamba,Latacunga
Quito,0.0,266.01,301.74,113.84,160.11,78.73
Guayaquil,266.01,0.0,130.15,177.68,151.77,200.27
Cuenca,301.74,130.15,0.0,188.61,142.94,223.15
Ambato,113.84,177.68,188.61,0.0,46.27,35.29
Riobamba,160.11,151.77,142.94,46.27,0.0,81.49
Latacunga,78.73,200.27,223.15,35.29,81.49,0.0
